0.
14.527464174768065
231.5216579783573
1165.6216752552082
3659.134501623169
8864.318383364063
18223.361198799168
33447.141127695446
56493.49268528444
89545.47914966136
134990.0268877209
195397.172236758
273500.0965322926
372176.2768439678
494429.0351652597
643370.5007361439
822204.8078030596
1.034217348328604e6
1.2827534701196754e6
1.571212967112333e6
1.9030336612011904e6
2.281682812633006e6
2.710643587950132e6
3.193410641197153e6
3.7334777674436304e6
4.334334418691791e6
4.999453932386293e6
5.732289749783735e6
6.536272186797355e6
7.414797943575823e6
8.371231394418535e6
9.408897215386339e6
1.0531078957100105e7
1.174101234848086e7
1.3041887197158473e7
1.443684485586854e7
1.5928962824295325e7
1.752129506577061e7
1.9216810999108035e7
2.101843659406678e7
2.2929038123442277e7
2.4951427446549654e7
2.708835803184985e7
2.9342526049071897e7
3.171656998176892e7
3.421307114760253e7
3.683455338079015e7
3.958348393150086e7
4.2462272803300366e7
